Auto-generated sudokus
 2022-07-11 20:16:57.310365527 +0200 CEST m=+0.000181752 
(c) 2022 Xavier Gandillot (aka xavier268) 

Puzzle N°  1 
 ---------------------------------
  .  .  . |   .  .  . |   5  8  6
  .  .  . |   .  .  . |   .  .  .
  7  5  2 |   9  6  8 |   3  1  4
---------------------------------
  3  4  6 |   2  5  7 |   1  9  8
  1  7  8 |   4  9  6 |   2  5  3
  5  2  9 |   1  8  3 |   4  6  7
---------------------------------
  2  9  5 |   8  7  4 |   6  3  1
  4  8  3 |   6  1  9 |   7  2  5
  6  1  7 |   3  2  5 |   8  4  9
---------------------------------


Solution to puzzle N°  1 
 ---------------------------------
  9  3  1 |   7  4  2 |   5  8  6
  8  6  4 |   5  3  1 |   9  7  2
  7  5  2 |   9  6  8 |   3  1  4
---------------------------------
  3  4  6 |   2  5  7 |   1  9  8
  1  7  8 |   4  9  6 |   2  5  3
  5  2  9 |   1  8  3 |   4  6  7
---------------------------------
  2  9  5 |   8  7  4 |   6  3  1
  4  8  3 |   6  1  9 |   7  2  5
  6  1  7 |   3  2  5 |   8  4  9
---------------------------------


Puzzle N°  2 
 ---------------------------------
  9  4  5 |   6  8  1 |   2  7  3
  .  .  . |   .  .  . |   .  .  .
  .  .  . |   .  .  . |   5  6  8
---------------------------------
  4  9  1 |   8  2  7 |   3  5  6
  7  2  6 |   1  3  5 |   4  8  9
  3  5  8 |   9  4  6 |   7  1  2
---------------------------------
  2  1  4 |   5  9  8 |   6  3  7
  5  8  9 |   7  6  3 |   1  2  4
  6  7  3 |   2  1  4 |   8  9  5
---------------------------------


Solution to puzzle N°  2 
 ---------------------------------
  9  4  5 |   6  8  1 |   2  7  3
  8  6  7 |   3  5  2 |   9  4  1
  1  3  2 |   4  7  9 |   5  6  8
---------------------------------
  4  9  1 |   8  2  7 |   3  5  6
  7  2  6 |   1  3  5 |   4  8  9
  3  5  8 |   9  4  6 |   7  1  2
---------------------------------
  2  1  4 |   5  9  8 |   6  3  7
  5  8  9 |   7  6  3 |   1  2  4
  6  7  3 |   2  1  4 |   8  9  5
---------------------------------


Puzzle N°  3 
 ---------------------------------
  3  9  8 |   1  7  2 |   6  4  5
  .  .  . |   .  .  . |   .  .  .
  .  .  . |   .  .  . |   7  2  1
---------------------------------
  5  6  9 |   8  2  7 |   4  1  3
  1  8  3 |   6  4  5 |   2  9  7
  7  4  2 |   3  9  1 |   5  6  8
---------------------------------
  6  7  4 |   5  1  9 |   3  8  2
  9  3  5 |   2  6  8 |   1  7  4
  8  2  1 |   7  3  4 |   9  5  6
---------------------------------


Solution to puzzle N°  3 
 ---------------------------------
  3  9  8 |   1  7  2 |   6  4  5
  2  1  7 |   4  5  6 |   8  3  9
  4  5  6 |   9  8  3 |   7  2  1
---------------------------------
  5  6  9 |   8  2  7 |   4  1  3
  1  8  3 |   6  4  5 |   2  9  7
  7  4  2 |   3  9  1 |   5  6  8
---------------------------------
  6  7  4 |   5  1  9 |   3  8  2
  9  3  5 |   2  6  8 |   1  7  4
  8  2  1 |   7  3  4 |   9  5  6
---------------------------------


Puzzle N°  4 
 ---------------------------------
  .  .  . |   .  .  . |   .  .  .
  6  9  1 |   4  3  2 |   7  8  5
  .  .  . |   .  .  . |   3  4  2
---------------------------------
  9  6  7 |   1  2  8 |   5  3  4
  2  5  8 |   9  4  3 |   1  7  6
  4  1  3 |   5  6  7 |   8  2  9
---------------------------------
  1  7  6 |   2  8  4 |   9  5  3
  5  3  2 |   7  9  6 |   4  1  8
  8  4  9 |   3  5  1 |   2  6  7
---------------------------------


Solution to puzzle N°  4 
 ---------------------------------
  3  2  4 |   8  7  5 |   6  9  1
  6  9  1 |   4  3  2 |   7  8  5
  7  8  5 |   6  1  9 |   3  4  2
---------------------------------
  9  6  7 |   1  2  8 |   5  3  4
  2  5  8 |   9  4  3 |   1  7  6
  4  1  3 |   5  6  7 |   8  2  9
---------------------------------
  1  7  6 |   2  8  4 |   9  5  3
  5  3  2 |   7  9  6 |   4  1  8
  8  4  9 |   3  5  1 |   2  6  7
---------------------------------


Puzzle N°  5 
 ---------------------------------
  7  2  8 |   6  9  1 |   5  3  4
  .  .  . |   .  .  . |   1  2  8
  .  .  . |   .  .  . |   .  .  .
---------------------------------
  6  1  7 |   3  4  5 |   2  8  9
  2  8  5 |   7  6  9 |   3  4  1
  9  3  4 |   2  1  8 |   6  5  7
---------------------------------
  8  4  2 |   1  5  6 |   9  7  3
  3  9  1 |   8  2  7 |   4  6  5
  5  7  6 |   9  3  4 |   8  1  2
---------------------------------


Solution to puzzle N°  5 
 ---------------------------------
  7  2  8 |   6  9  1 |   5  3  4
  4  6  9 |   5  7  3 |   1  2  8
  1  5  3 |   4  8  2 |   7  9  6
---------------------------------
  6  1  7 |   3  4  5 |   2  8  9
  2  8  5 |   7  6  9 |   3  4  1
  9  3  4 |   2  1  8 |   6  5  7
---------------------------------
  8  4  2 |   1  5  6 |   9  7  3
  3  9  1 |   8  2  7 |   4  6  5
  5  7  6 |   9  3  4 |   8  1  2
---------------------------------

